         360           1        1544   1.05897641    
         380           2        1386   1.07835984    
         400           3        1251   1.42965293    
         420           4        1135   1.70366991    
         440           5        1033   1.78743625    
         460           6         946   2.03471231    
         480           7         868   1.97713184    
         500           8         801   1.93740427    
         520           9         740   1.84940290    
         540          10         686   1.88435900    
         560          11         638   1.84953249    
         580          12         594   1.82925975    
         600          13         556   1.76741374    
         620          14         520   1.70430350    
         640          15         489   1.62946832    
         660          16         459   1.54545259    
         680          17         433   1.48092318    
         700          18         408   1.40924120    
         720          19         386   1.28940892    
         740          20         365   1.28419924    
         760          21         346   1.24199438    
         780          22         329   1.19290173    
